344422720
823550539
568238566
1381214332114010114
1328524413386379264
1093761459014664192
1198000307596414976
18147028
41981265
1348502962050535428
852663488
891494942245232646
14795444
2998017541
19172137
770581451800612864
1700701627
2988920201
2331262784
4045094353
1420881822
1382217768649465858
1350034322552619013
567798052
62228892
1109038485363544064
1200027504230027264
188216600
493872642
414209774
1667079373
1250524860779868160
108740184
1159064878734200833
2191897470
1624710127
371068152
26964952
210644860
1470784844
172113843
2287238682
138294089
1122417757029486592
3292469292
959165980407574529
2934622116
765808777857609728
345553
2887713523
1349086557479702528
616163385
1102413032594890753
115730264
1351649162
3196140319
1097337516053544960
352029891
782871398658088960
14112660
6755322
4874980169
99367063
243430755
63460349
41559208
2383546926
233782487
18041248
581798418
1266002215468101643
799847445601497088
