706380067,344422720
37333947,344422720
51565737,344422720
175307058,344422720
786223244,344422720
3169207284,344422720
3863296332,344422720
259126666,344422720
1208309180,823550539
10228272,823550539
1346251630715543552,823550539
1269028232621326337,823550539
1238346079705288709,823550539
717378051957506048,823550539
1322932869942095872,823550539
1069339667995271168,823550539
2280656054,823550539
1230910137075978242,823550539
1441312316,823550539
1251767142804074498,823550539
1152289116635242496,823550539
822829118664359938,823550539
418517715,823550539
1248362278669430784,823550539
756758359,823550539
1257892336924798977,823550539
471213905,823550539
1311545436704997376,823550539
1045555626426998784,823550539
1300205403033284608,823550539
736583624972238848,823550539
1491879169,823550539
20832884,823550539
94571091,823550539
1174158390718865409,823550539
1348278103102136321,823550539
1373363788213288960,823550539
2355094310,823550539
281450864,823550539
1336443721659760642,568238566
36250453,568238566
23990483,568238566
1600798730,568238566
799088390641618944,568238566
145044648,568238566
58728235,568238566
3165894259,568238566
69415222,568238566
229009574,568238566
16319888,568238566
480165062,1381214332114010114
2834886343,1381214332114010114
1260490009443958784,1381214332114010114
781019903574806529,1381214332114010114
1173712730202595334,1381214332114010114
1175652034525032448,1381214332114010114
142381185,1381214332114010114
494741673,1381214332114010114
1355351691466403842,1381214332114010114
20724173,1381214332114010114
2221785156,1381214332114010114
1260337980897554432,1381214332114010114
1275949387550584832,1381214332114010114
1152260805666181125,1381214332114010114
1039764411475550208,1381214332114010114
1055505166198300672,1381214332114010114
1009882323708506118,1381214332114010114
9560992,1381214332114010114
968842541222084610,1381214332114010114
16573941,1381214332114010114
1213333154599014405,1381214332114010114
1108565574,1381214332114010114
2369799780,1381214332114010114
230623073,1381214332114010114
1355003477240541187,1381214332114010114
47353721,1381214332114010114
613264547,1381214332114010114
24311921,1381214332114010114
822060714080636931,1381214332114010114
1604683951,1381214332114010114
1084616069115928578,1381214332114010114
1191855827667128320,1381214332114010114
1185399980825051142,1381214332114010114
1370978962516537347,1381214332114010114
1151567011320696832,1381214332114010114
756353959053230080,1381214332114010114
1356067989624250378,1381214332114010114
1268091547515416577,1381214332114010114
2958864326,1381214332114010114
3822686966,1381214332114010114
365307389,1381214332114010114
2235336818,1381214332114010114
26685249,1381214332114010114
2615581908,1381214332114010114
1714358744,1381214332114010114
436414193,1381214332114010114
1304983082097811460,1381214332114010114
255800575,1381214332114010114
2884776675,1381214332114010114
730879565929779200,1381214332114010114
1191485476697497600,1381214332114010114
22348129,1381214332114010114
49852939,1381214332114010114
925607950135148544,1381214332114010114
1344161442497347584,1381214332114010114
326665662,1381214332114010114
894386521825923073,1381214332114010114
1238151584384761857,1381214332114010114
1023115534039040002,1381214332114010114
1176059647301574659,1381214332114010114
341330045,1381214332114010114
826332877457481728,1381214332114010114
14868762,1381214332114010114
1282104925715984385,1328524413386379264
2925922646,1328524413386379264
1358574129482326021,1328524413386379264
1285030465024319488,1328524413386379264
1266381688583491586,1328524413386379264
728910728330022912,1328524413386379264
1241589101008019457,1328524413386379264
1333104818513211394,1328524413386379264
1306487144412712960,1328524413386379264
1204507635413901312,1328524413386379264
1332232169469702144,1328524413386379264
1323669788682416128,1328524413386379264
1332211149480235008,1328524413386379264
3698129356,1328524413386379264
1217606406586630144,1328524413386379264
4722488233,1328524413386379264
1244874994997485568,1328524413386379264
1295293494114660352,1328524413386379264
1283559899788525568,1328524413386379264
1367255701198954499,1328524413386379264
1323867451717640194,1328524413386379264
87301730,1328524413386379264
1326990511165595648,1328524413386379264
1318984769800163329,1328524413386379264
1286746769813102592,1328524413386379264
1288678949245956097,1328524413386379264
1244106489343676418,1328524413386379264
1321587242490597377,1328524413386379264
1331535956432785408,1328524413386379264
1286196647609815040,1328524413386379264
1320251792500940801,1328524413386379264
2957658618,1328524413386379264
188535154,1328524413386379264
1284260694011961344,1328524413386379264
1295974108530765824,1328524413386379264
310586039,1328524413386379264
1264539260113338369,1328524413386379264
308846451,1328524413386379264
910524135993860096,1328524413386379264
1354217188928970757,1328524413386379264
1264986217013075968,1328524413386379264
302112181,1198000307596414976
350862112,1198000307596414976
142820741,1198000307596414976
77653794,1198000307596414976
218592577,1198000307596414976
458368311,1198000307596414976
131596061,1198000307596414976
75400667,1198000307596414976
149281495,1198000307596414976
1052689816100454400,1198000307596414976
757767737766805505,1198000307596414976
69432342,1198000307596414976
142092456,1198000307596414976
132937730,1198000307596414976
1920140406,1198000307596414976
219990061,1198000307596414976
40445356,1198000307596414976
1012847731512168449,1198000307596414976
1362851972,1198000307596414976
183036128,1198000307596414976
121639467,1198000307596414976
156464691,1198000307596414976
428333,1198000307596414976
1299572227419955201,1198000307596414976
175609100,1198000307596414976
768533872564895744,1198000307596414976
119844526,1198000307596414976
659483,1198000307596414976
4911458981,1198000307596414976
3225959234,18147028
40561535,18147028
16638310,18147028
2353531628,41981265
280506966,41981265
223363567,41981265
269552973,41981265
1129967588,41981265
480386538,41981265
1318080356482863104,41981265
16201775,41981265
271214761,41981265
826706863,41981265
386942651,41981265
16203515,41981265
48488561,41981265
328422294,41981265
1227152172321656832,41981265
378451680,41981265
899785465754210304,41981265
16175507,41981265
238582545,41981265
212122380,41981265
3129257991,41981265
26257166,41981265
165741786,41981265
169686021,41981265
549754151,41981265
360453582,41981265
392008282,41981265
36017486,41981265
22461754,41981265
86355732,41981265
50323173,41981265
55038695,41981265
514938737,41981265
24897626,41981265
50721809,41981265
1273055745034956800,41981265
498018544,41981265
2985195976,41981265
323995477,41981265
1262925006373339137,41981265
370524438,41981265
27984953,41981265
16925631,41981265
59845318,41981265
922948852424036352,41981265
34613288,41981265
19918750,41981265
852973970026516480,41981265
25015718,41981265
9890492,41981265
12700662,41981265
2779540731,1348502962050535428
1372006137730580485,1348502962050535428
1727813760,852663488
816790022535856128,852663488
1267286295820156929,852663488
32255812,852663488
341142617,852663488
19252029,852663488
298435272,852663488
9578762,852663488
2887837801,852663488
80203607,852663488
17695942,852663488
31360795,852663488
149074092,852663488
8481682,852663488
147038090,852663488
24032059,852663488
3241618619,852663488
198461194,852663488
1113665304700248064,852663488
8172172,852663488
746069441205526528,852663488
23298901,852663488
166383751,852663488
19383407,852663488
53525086,852663488
728849150,852663488
1124339484,852663488
1293290022846652417,852663488
21072491,852663488
268581613,852663488
1083825611716456448,852663488
3146766895,852663488
7180492,852663488
1153536997660606464,852663488
89009369,852663488
16547411,852663488
1891532018,852663488
174884219,852663488
1882887830,852663488
20793816,852663488
220714400,852663488
402980387,852663488
53789462,852663488
120728377,852663488
72810837,852663488
2581526838,852663488
5676102,852663488
38811911,852663488
16797810,852663488
14640565,852663488
20094363,852663488
787207022533980160,852663488
966488396,852663488
13334762,852663488
2716083546,852663488
762124520345964545,852663488
19333977,852663488
228535666,852663488
2893485831,852663488
793987949230690304,852663488
801797798,852663488
315284681,852663488
1140445246867869696,852663488
91900729,852663488
1346706468527951874,852663488
858523928,852663488
31350442,852663488
292670084,852663488
702907554368630784,852663488
3234616374,852663488
245120699,852663488
69275006,852663488
14320600,852663488
297174372,852663488
1018075177,852663488
4845551717,891494942245232646
999491092713095168,891494942245232646
966941696087879683,891494942245232646
993541002345566209,891494942245232646
1226608070945624064,891494942245232646
291884941,891494942245232646
18212109,891494942245232646
404268423,891494942245232646
935833746,891494942245232646
2723296320,891494942245232646
1081698711594397698,891494942245232646
14638577,891494942245232646
239717169,891494942245232646
1920259278,891494942245232646
317636898,891494942245232646
289954202,891494942245232646
733602260,891494942245232646
785652093994446848,891494942245232646
14600723,891494942245232646
58441672,891494942245232646
1272593481295212545,891494942245232646
958440849347575808,891494942245232646
229117296,891494942245232646
54490234,891494942245232646
566475712,891494942245232646
534683321,891494942245232646
3253672081,891494942245232646
1029308149042429952,891494942245232646
1012449928893759489,891494942245232646
1088295046061805568,891494942245232646
879764194366824448,891494942245232646
2827165341,891494942245232646
2656849814,891494942245232646
753342776,891494942245232646
1168453666350817280,891494942245232646
1323585646594842624,891494942245232646
865459192445804544,14795444
1038622283181387776,14795444
1116001332522041347,14795444
2535229640,14795444
1321236285982294023,14795444
185871094,14795444
4725312654,14795444
577981763,14795444
48950354,14795444
712213221445410816,14795444
2604490724,14795444
226827262,14795444
83269770,14795444
1596868129,14795444
922145728960512000,14795444
4173737114,14795444
1109038485363544064,14795444
73568299,14795444
2285472985,14795444
1107371787153661952,14795444
311062353,14795444
28871876,14795444
7050962,14795444
13375622,14795444
3011254314,14795444
14801863,14795444
754484844487385088,14795444
48919782,14795444
802168670596186112,14795444
1282760058,14795444
1224202268347551745,14795444
237612784,14795444
2737965418,14795444
1003425834529509376,14795444
237600536,14795444
1866019015,14795444
1315638931,14795444
156155494,2998017541
775468048908029952,2998017541
1089151295397621760,2998017541
1470599562,2998017541
2326449402,2998017541
373834423,2998017541
106015192,2998017541
2163805220,2998017541
85976342,2998017541
626348436,2998017541
23004756,2998017541
2935738189,2998017541
155551859,2998017541
568158691,2998017541
337672663,2998017541
1208422690207354880,2998017541
19019494,2998017541
17250722,2998017541
392314063,2998017541
348955468,2998017541
1369160185315430402,2998017541
64662643,2998017541
4731211753,2998017541
60499296,2998017541
34116377,2998017541
76842602,2998017541
15250661,2998017541
21814628,2998017541
385176478,2998017541
16463397,2998017541
1195051945,2998017541
47875190,2998017541
799506174,2998017541
31669146,2998017541
66917778,2998017541
31671595,2998017541
393795288,2998017541
12859652,2998017541
190638538,2998017541
1342739703209013249,2998017541
1312540132344430592,2998017541
4642535954,2998017541
1042898602509529088,2998017541
38612007,2998017541
4237350017,2998017541
315843621,2998017541
2970985171,2998017541
1661467214,2998017541
183770461,2998017541
3035393162,2998017541
48548919,19172137
894530962876375040,19172137
25210650,19172137
549806678,19172137
17918114,19172137
374409194,19172137
24206398,19172137
42198502,19172137
1133617192832970753,19172137
1117988982,19172137
23129668,19172137
14093751,19172137
14402269,19172137
798422433829126144,19172137
121622578,19172137
47316108,19172137
1087209480184463362,19172137
15486485,19172137
845936552609902594,19172137
881080172522250241,19172137
95126596,19172137
164380239,19172137
409486555,19172137
937560966,19172137
14879825,19172137
2670408242,19172137
274404727,19172137
28491129,19172137
34465477,19172137
66822783,19172137
825440399649042432,19172137
223722180,19172137
47216804,19172137
1254707039500144640,19172137
784521975565783043,19172137
1116877114588979200,19172137
89090040,19172137
16745361,19172137
24807616,19172137
122478255,19172137
47984861,19172137
1282771523653103616,19172137
1032657426,19172137
54218903,19172137
1240019808294502402,19172137
1559161584,19172137
2863488598,19172137
79923701,19172137
61203843,19172137
288277167,19172137
16635277,19172137
36895333,19172137
2461887810,19172137
14869615,19172137
881544319,19172137
16670441,19172137
3671138595,19172137
378295246,19172137
1276221042327982081,19172137
1969630836,19172137
746194098999066624,19172137
1062781002207166468,19172137
2185274887,19172137
14298769,19172137
1228069978013753344,770581451800612864
18659265,770581451800612864
1954432309,770581451800612864
32871086,770581451800612864
3644915056,770581451800612864
42354625,770581451800612864
7009202,770581451800612864
16248319,1700701627
32717799,1700701627
798749450223030272,1700701627
57682960,1700701627
343251837,1700701627
77102803,1700701627
1136688041471295489,1700701627
1387619149841518595,2988920201
244336322,2988920201
4225232780,2988920201
16611492,2988920201
478353714,2988920201
1129933098223726592,2988920201
2358983125,2988920201
1966964984,2988920201
879165394539483136,2988920201
757411613322293248,2988920201
14161529,2988920201
16595025,2988920201
1268713386558267393,2988920201
1074448466,2988920201
1126317188757872640,2988920201
1172707276181786624,2988920201
196485810,2988920201
71587446,2988920201
252882791,2988920201
622085834,2988920201
955307678879727617,2988920201
1082533530691760128,2988920201
811794034079436800,2988920201
168458485,2988920201
216276087,2988920201
763170090971959296,2988920201
1197542830241136640,2988920201
803658457,2988920201
837838902631149573,2988920201
3684668792,2988920201
1135723672440836096,2988920201
49207334,2988920201
3316213580,2988920201
14047335,2988920201
4328027000,2988920201
178626806,2988920201
817592162976022528,2988920201
18862246,2988920201
1239724701062254592,2988920201
2835539772,2988920201
792513854173351936,2988920201
1035023236969324544,2988920201
67126750,2988920201
1616882575,2988920201
544816823,2988920201
790424688941858816,2988920201
1691917987,2988920201
1334560526504890369,2988920201
281195133,2988920201
70266430,2988920201
1030651497959305217,2988920201
1238260133983125505,2988920201
2355750830,2988920201
1281200954646421505,2988920201
1590884899,2988920201
2177029057,2988920201
1486383350,2988920201
1345956577,2988920201
811165211319103488,2988920201
1118537008186400768,2988920201
1230409325186695169,2988920201
874538880933928960,2988920201
50133479,2988920201
413698582,2988920201
26667094,2988920201
821635162383548417,2988920201
261695119,2988920201
1346804240,4045094353
4881381662,4045094353
169854295,4045094353
97356528,4045094353
4689828781,4045094353
2924893094,4045094353
897998475069194241,4045094353
893445732526571520,4045094353
834204461719490560,4045094353
85213675,4045094353
1103071960773287936,4045094353
1076401128,4045094353
1140891208522166272,4045094353
1301485176669626371,4045094353
1111524229680238593,4045094353
166418684,4045094353
1375028913177423873,4045094353
548520385,4045094353
1193981923279818752,4045094353
1348608024856981504,4045094353
2633573858,4045094353
944713284418023424,4045094353
57863761,4045094353
20472126,4045094353
799575812303253504,4045094353
816808828851220480,4045094353
897596430801555457,4045094353
1587645924,4045094353
2996927083,4045094353
4742090653,4045094353
868107436200140802,4045094353
1270699734320046080,4045094353
3686036533,4045094353
1285388135111618560,4045094353
721068347295555584,4045094353
389363918,4045094353
1244795122828447744,4045094353
725524123410026497,4045094353
1122967734646603777,4045094353
228688528,4045094353
750411330868244480,4045094353
915145631663919104,4045094353
2996397530,4045094353
1133347815097192448,4045094353
3396851578,4045094353
1310606391195971586,4045094353
1355779188825833473,4045094353
17149683,4045094353
171370298,4045094353
4026815357,4045094353
1240461248812052481,4045094353
4134215278,4045094353
809992254819418112,4045094353
178103658,4045094353
1040663230543060993,4045094353
249235406,4045094353
4721411610,4045094353
984311547420815360,4045094353
1168092345419599872,4045094353
163263487,4045094353
1180202479742541824,4045094353
1215143943748243457,4045094353
412251679,4045094353
994594957,1420881822
16681111,1420881822
958634640503324672,1420881822
3107322079,1420881822
289732005,1420881822
1208539669685653504,1420881822
160856325,1420881822
399265360,1420881822
16675569,1420881822
32201814,1420881822
524054356,1420881822
892004902507040768,1420881822
309895827,1420881822
70977442,1420881822
766136186268160000,1420881822
813256711809044481,1420881822
1379799258451357701,1420881822
1223151767829078016,1420881822
1113770653,1420881822
33216799,1420881822
935832044,1420881822
579774943,1420881822
1386803540,1420881822
1138558717736042496,1420881822
898844695425503233,1420881822
21075591,1420881822
114709222,1420881822
576451623,1420881822
57509070,1420881822
22421051,1420881822
145919957,1420881822
17753670,1420881822
759735067111325697,1420881822
18925120,1420881822
529147678,1420881822
20559705,1420881822
268532963,1420881822
1181103975434616832,1420881822
3320226785,1420881822
123655512,1420881822
1491965726,1420881822
2687270605,1420881822
3221414178,1420881822
92932981,1420881822
1068013130033201152,1420881822
455978770,1420881822
312420231,1420881822
2837205452,1420881822
1897328731,1420881822
935116421977186304,1420881822
41218263,1420881822
1201034664,1420881822
49835260,1420881822
112575554,1420881822
19053113,1420881822
22018221,1420881822
373499539,1420881822
248917209,1420881822
1307884219801112581,1420881822
1241591213578317825,1420881822
1208874179358969856,1420881822
138407957,1420881822
15815674,1420881822
1006419421244678144,1420881822
421306284,1420881822
300510416,1420881822
369908459,1420881822
1096303753769115648,1420881822
2177191430,1420881822
22573600,1420881822
1326350805960519685,1420881822
488072989,1420881822
996906492178530305,1420881822
25645756,1420881822
19050000,1420881822
1343832128,1420881822
177771520,1420881822
225779417,1420881822
75549943,1420881822
9609632,1420881822
704882735815401472,1420881822
198296897,1420881822
4132825992,1420881822
36074231,1420881822
495650403,1420881822
384233102,1420881822
1320642846794289157,1420881822
1153682741780598785,1420881822
1634512056,1420881822
2567806093,1420881822
1678244364,1420881822
2376894708,1382217768649465858
40668926,1382217768649465858
3190047553,1382217768649465858
1386277979806846978,1382217768649465858
1191539913692332032,1382217768649465858
1378308229025853445,1382217768649465858
902508919473430529,1382217768649465858
926649279036276736,1382217768649465858
1360846812324589573,1382217768649465858
409872698,1382217768649465858
1381478556060950528,1382217768649465858
1170578898871959552,567798052
107962658,567798052
768082241213784064,567798052
416838143,567798052
1155344159332397056,567798052
936981992100335616,567798052
775304584868659200,567798052
2210350382,567798052
1021446766745403392,567798052
1086720960835796997,567798052
1030206475573047301,567798052
1272635833426690048,567798052
945285199725604865,567798052
2207050796,567798052
2839427793,567798052
1223016797663707137,567798052
1373867172,567798052
2423749147,567798052
1066309922294390784,567798052
735053550191968256,62228892
52993425,62228892
501521155,62228892
767285046277312512,62228892
108169840,62228892
37153315,62228892
14867557,62228892
14263151,62228892
1532983980,62228892
813301212585955329,62228892
2536575654,62228892
127790959,62228892
54514880,62228892
193590860,62228892
424776685,62228892
23411640,62228892
1573863385,62228892
298421861,62228892
341063918,62228892
1588009652,62228892
25298569,62228892
16356699,62228892
787030248,62228892
289420613,1109038485363544064
935942321756966912,1109038485363544064
47475039,1109038485363544064
35941034,1109038485363544064
18856867,1109038485363544064
40365839,1109038485363544064
1206472297336324097,1109038485363544064
3282981146,1109038485363544064
20815631,1109038485363544064
2610725894,1109038485363544064
386551109,1109038485363544064
1231634797530796032,1109038485363544064
57049338,1109038485363544064
337808606,1109038485363544064
35013035,1109038485363544064
1291186206185750531,1109038485363544064
2510303323,1109038485363544064
1293574779128221696,1109038485363544064
996487958898323456,1109038485363544064
1297520481717952513,1109038485363544064
36728321,1109038485363544064
1373325731074310144,1109038485363544064
2903902977,1109038485363544064
1354607610469773317,1109038485363544064
1279992450413670401,1109038485363544064
714051110,1109038485363544064
97340820,1109038485363544064
1721130294,1109038485363544064
278273185,1109038485363544064
870871753983000578,1109038485363544064
14795444,1109038485363544064
92829492,1109038485363544064
14710235,1200027504230027264
1681324362,1200027504230027264
985686123123949568,1200027504230027264
1908616248,1200027504230027264
17206078,1200027504230027264
1245637830937739264,1200027504230027264
1320429075270307846,1200027504230027264
44196397,1200027504230027264
22477081,1200027504230027264
1280987564657143808,1200027504230027264
1195529639357075458,1200027504230027264
1268392969700290560,1200027504230027264
1266489338675646464,1200027504230027264
2241150253,1200027504230027264
1008296232261783552,1200027504230027264
259894466,1200027504230027264
1046938994766958592,1200027504230027264
1270817505314066436,1200027504230027264
1011205886,1200027504230027264
477057545,1200027504230027264
1017476386024386560,1200027504230027264
27686902,1200027504230027264
15506669,1200027504230027264
11348282,1200027504230027264
234695844,1200027504230027264
1355124907227549697,1200027504230027264
17397931,1200027504230027264
23847960,1200027504230027264
971443893878353924,1200027504230027264
1150790822813560833,1200027504230027264
62513246,1200027504230027264
142963655,1200027504230027264
949122159082749958,1200027504230027264
13298072,1200027504230027264
2604365504,1200027504230027264
1326539855388577793,1200027504230027264
3292611507,1200027504230027264
1295397293340991494,1200027504230027264
108365454,1200027504230027264
161157789,1200027504230027264
423693990,1200027504230027264
34713362,1200027504230027264
11347122,1200027504230027264
742698216811028480,1200027504230027264
1273066750263930880,1200027504230027264
18710072,1200027504230027264
799617770,1200027504230027264
3085089159,1200027504230027264
1370047031755034626,1200027504230027264
1259361745090600963,1200027504230027264
26333823,1200027504230027264
20239153,1200027504230027264
16134754,1200027504230027264
15676492,1200027504230027264
336218991,1200027504230027264
16193528,1200027504230027264
1036424704201039873,1200027504230027264
1178753477926952961,1200027504230027264
998140573008695296,1200027504230027264
243013409,1200027504230027264
1263491240336769026,1200027504230027264
1361827953185759233,1200027504230027264
1311118773215096832,1200027504230027264
15650636,1200027504230027264
31323375,1200027504230027264
143812589,1200027504230027264
18170896,1200027504230027264
29442313,1200027504230027264
148529707,1200027504230027264
2510215220,1200027504230027264
1613819856,1200027504230027264
2908170952,1200027504230027264
1077971,1200027504230027264
216644462,1200027504230027264
770933216870076416,1200027504230027264
232483963,1200027504230027264
933518058131460102,1200027504230027264
4497579688,1200027504230027264
404422077,1200027504230027264
1060180551544528897,1200027504230027264
3303112596,1200027504230027264
4041824789,1200027504230027264
528697300,1200027504230027264
1178344880155824128,1200027504230027264
1220071939202519042,1200027504230027264
755057897583804416,1200027504230027264
1161703589942878208,1200027504230027264
358175664,1200027504230027264
14939981,1200027504230027264
324703658,1200027504230027264
4173347475,1200027504230027264
58566668,1200027504230027264
1389087201984667650,1200027504230027264
1175518965713580035,1200027504230027264
2435979517,1200027504230027264
419849905,1200027504230027264
1072039672820494337,1200027504230027264
1091498151477833728,1200027504230027264
13083622,1200027504230027264
977973443533578240,188216600
359822335,188216600
263110003,188216600
3164788290,188216600
705866069295038464,188216600
17647095,188216600
401810837,188216600
167281867,188216600
3007784240,188216600
1718199074,188216600
1280313253269090304,188216600
192808083,188216600
49920958,188216600
761068933,188216600
252790222,188216600
366456583,188216600
265035731,188216600
17329538,188216600
196555621,188216600
344398225,188216600
114911627,188216600
107952808,188216600
16281180,188216600
101697660,188216600
137559066,188216600
2178176856,493872642
289468133,493872642
351521394,493872642
1248232991404503041,493872642
752835875462078464,493872642
4381616655,493872642
22910295,493872642
881797258882072576,493872642
163680909,493872642
1300999466544107520,493872642
36603390,493872642
1284054736073826306,493872642
85169525,493872642
753938418904756224,493872642
1222717218061869056,493872642
162686426,493872642
569573097,493872642
1355166720412016641,493872642
717235518006763521,493872642
1415252742,493872642
1234187366346219520,493872642
1302334290236243968,493872642
1138962491009130498,493872642
1348301600738127872,493872642
483249230,493872642
221322038,493872642
34763923,493872642
15396175,493872642
34634171,493872642
44868436,493872642
1343894709845061632,493872642
592943243,493872642
1161297408866824192,493872642
634706302,493872642
1185626631269781505,493872642
198935917,493872642
787368100123598848,493872642
965151770543468544,493872642
2768767267,493872642
51029018,493872642
1335919474025885697,493872642
185827887,493872642
17296689,493872642
622895156,493872642
709060799793385472,493872642
2791489375,493872642
360380855,493872642
3525706881,493872642
220157030,493872642
738244304133447680,493872642
50058004,493872642
948802535778693120,493872642
4434682754,493872642
849458199518470145,493872642
320739724,493872642
957820302691479553,493872642
1329904831,493872642
931562962892083200,493872642
1421646541,493872642
461775993,493872642
1221052338045177858,493872642
1231308973707530250,493872642
1115190433183715329,493872642
1027536635527917568,493872642
1042813311845203969,493872642
1093514865656950784,493872642
903393266929893376,493872642
615099280,493872642
631483503,493872642
1318266006054313984,493872642
135982014,493872642
249542612,493872642
2312477734,493872642
304268348,493872642
435225922,493872642
365334633,493872642
4284581907,493872642
241427975,493872642
1399879711,493872642
1254246773687754758,493872642
969208776,493872642
135742474,493872642
501538397,493872642
736269022572994560,493872642
324076290,493872642
788520866023870468,493872642
266599412,493872642
1053719518441287686,493872642
14247236,493872642
1356704970851168256,493872642
1367895678748422145,493872642
1003170290,414209774
1352996786168864769,414209774
16228398,414209774
960898464497459200,414209774
927909832002277376,414209774
1379513920860393472,414209774
1367250865137070089,414209774
1370320919911096322,414209774
973232761304682498,414209774
1365349181657858048,414209774
1247324561135280128,414209774
1369057649443172357,414209774
978732571738755072,414209774
1282948748214022144,414209774
1385273650140499970,414209774
471592779,414209774
1381666096860827653,414209774
1365567181396856833,414209774
1293246196186787840,414209774
29166305,414209774
902103384957837313,414209774
1357706201535029251,414209774
743311014028992512,414209774
1343224146658914304,414209774
1090346259892838400,414209774
894231710065446912,414209774
1051053836,414209774
56562803,414209774
240684785,414209774
170049408,414209774
4637858597,414209774
14110443,414209774
946555155134038016,414209774
100642078,414209774
1190026132114018304,414209774
1179446547651727361,414209774
454580111,414209774
375707743,414209774
971763929256005637,414209774
978566222282444800,414209774
2652239532,414209774
2271677538,414209774
909481645052440577,414209774
233918728,414209774
999798685537062914,414209774
1355074092651536385,414209774
1212947951368065024,414209774
1312826015849340931,414209774
944462285573099520,414209774
28582680,414209774
839195187641470980,414209774
1275995491,414209774
951914108370202624,414209774
1349996415641145344,414209774
1379240803441197059,414209774
1333318691283464192,414209774
143489027,414209774
60564337,414209774
1187175159414886401,414209774
1033761461699571712,414209774
1451773004,414209774
244647486,414209774
973371776,414209774
1307668991427502080,414209774
1283250939974098944,414209774
1363622377180041225,414209774
1260931347012448256,414209774
1378177867612352514,414209774
877807935493033984,414209774
1038559437181607936,414209774
887191358,414209774
1222987575369117701,414209774
33457664,414209774
367377900,414209774
427089628,414209774
2450641105,1667079373
747728044576563200,1667079373
833898354916483073,1667079373
43617157,1667079373
2558589852,1667079373
1182944776536018944,1667079373
242070814,1667079373
4798372216,1667079373
973348965176426496,1667079373
1094048100564365312,1667079373
1973301650,1667079373
896625330336571392,1667079373
39483227,1667079373
575248431,1667079373
1386899953327370240,1667079373
243856498,1667079373
1328550297178832896,1667079373
880763494370598913,1667079373
772423117,1667079373
2856180318,1667079373
903255950,1667079373
1585287504,1667079373
804280763252248576,1667079373
565050505,1667079373
128699956,1667079373
502003890,1667079373
505733014,1667079373
704598397,1667079373
710683412583964672,1667079373
1016613097,1667079373
545535923,1667079373
4244991792,1667079373
4891351879,1667079373
2724788592,1667079373
1215941255261085696,1667079373
376530707,1667079373
376144757,1667079373
217021902,1667079373
746223693630578688,1667079373
1080400693041627136,1667079373
245153613,1667079373
1163172029320667136,1667079373
296717449,1667079373
42362483,1667079373
101910864,1667079373
434032553,1667079373
1642760383,1667079373
739991500155559937,1667079373
919297744719585280,1667079373
3181497979,1667079373
581798418,1667079373
925236898305523712,1667079373
3023535390,1667079373
65527346,1667079373
23172590,1667079373
376076845,1667079373
2926204339,1667079373
245155353,1667079373
300200987,1667079373
1012438196729376768,1667079373
631140048,1667079373
523021875,1667079373
1031784161596428288,1667079373
1278531621092655104,1667079373
39195530,1667079373
2609500441,1250524860779868160
16526290,108740184
64510593,108740184
1559382337,108740184
17605085,108740184
1555336693,108740184
968450100539244546,108740184
1381088462330281988,108740184
915552896472748032,108740184
33498000,108740184
30824363,108740184
983143425850699777,108740184
28537321,108740184
747871893479391233,108740184
254515782,108740184
2802655619,108740184
46305783,108740184
93145169,108740184
28947588,108740184
180463340,108740184
211426572,108740184
3195354943,108740184
262019242,108740184
28739612,108740184
20702052,108740184
89365312,108740184
166421850,108740184
911776530715561989,108740184
177544561,108740184
2277445532,108740184
18821904,108740184
67428968,108740184
1615865634,108740184
1207389541650202624,108740184
3000230307,108740184
928758856859000832,108740184
18073623,108740184
19693287,108740184
1346520134962327553,108740184
43834966,108740184
879220309,108740184
24409110,108740184
17867050,108740184
91045268,108740184
1070625079094988800,108740184
15898197,108740184
602317143,108740184
4216062853,108740184
1231538146006798336,108740184
204273771,108740184
1301435711405531136,108740184
1138322409860227072,108740184
2930513192,108740184
267362654,108740184
56733,108740184
391263179,108740184
2522060707,1159064878734200833
196354132,1159064878734200833
1700274865,1159064878734200833
1158626295141392384,1159064878734200833
2446726670,1159064878734200833
899295093214953473,1159064878734200833
1296770503244279808,1159064878734200833
206201319,2191897470
825325897729318912,2191897470
1158901720556220417,2191897470
307589086,2191897470
302347233,2191897470
1088111140519972865,2191897470
1418582743,2191897470
65972940,2191897470
878943030132301824,2191897470
1617171654,2191897470
1325772890135015428,2191897470
892823857190625283,2191897470
710848676877348864,2191897470
1113450921550209025,2191897470
992065111,2191897470
3387880341,2191897470
466718938,2191897470
3288954248,2191897470
1382653211149017088,2191897470
707638028584378368,2191897470
874336210197651457,2191897470
1382434664321855488,2191897470
43323409,2191897470
1078878920148221952,2191897470
234878051,2191897470
2846839833,2191897470
1227699886327418881,2191897470
1058842122,2191897470
25742727,2191897470
1319264938649669634,2191897470
1253101616816959489,2191897470
21785446,2191897470
1221722311797112832,2191897470
1076815425013460992,2191897470
4112414772,2191897470
1149528031129722880,2191897470
1534987213,2191897470
825804130694344706,2191897470
228906254,2191897470
862657237738635264,2191897470
1336620432816918529,2191897470
1357860788958973953,2191897470
748657156753350657,2191897470
1184114178958725126,2191897470
890026307119009792,2191897470
1257573045050490880,2191897470
1038748858241581056,2191897470
128351027,2191897470
792841070,2191897470
2990684506,2191897470
3350747662,2191897470
946874887,2191897470
2836755090,2191897470
180530310,2191897470
1371854491310465024,2191897470
55432787,2191897470
19114743,2191897470
1494260725,2191897470
1205923740497915904,2191897470
1227692335724744704,2191897470
1122475814329769990,2191897470
993580465775824898,2191897470
1289400041778675713,2191897470
1172552089349869569,2191897470
102570694,2191897470
1317395623,2191897470
1379882412864245762,2191897470
1293752781623513088,2191897470
1062955733694717952,2191897470
1117512270,2191897470
16460916,2191897470
51199921,2191897470
1286498580409147392,2191897470
20172395,2191897470
839615684019617793,2191897470
1133758893576687616,2191897470
247091695,2191897470
2178814483,2191897470
1128151045832630272,2191897470
1335933871116984323,2191897470
19705747,2191897470
2980324958,2191897470
909205722809876480,2191897470
1073510826504544256,2191897470
1016343301,2191897470
900199134728245249,2191897470
388385701,2191897470
1930671518,2191897470
3383034777,2191897470
913945195539873793,2191897470
69916615,2191897470
4854982061,2191897470
803064194,2191897470
1151539693328244736,2191897470
307920949,2191897470
263301093,2191897470
15565190,2191897470
1234242445392564224,2191897470
129866862,2191897470
176270428,2191897470
923793986,2191897470
277320236,2191897470
772138379081383936,2191897470
497960967,2191897470
1353400002,2191897470
2439050449,2191897470
858287705121271809,2191897470
2855656967,2191897470
2813151784,2191897470
35466620,2191897470
277811144,2191897470
2888765064,2191897470
1132504036475854848,2191897470
560259214,2191897470
401333766,2191897470
863199799,2191897470
1111108910709174272,2191897470
1366456329213267977,2191897470
1049473497561366528,2191897470
812755610391429120,2191897470
3666927082,2191897470
240048043,2191897470
1159195378027311111,2191897470
23365740,2191897470
858763394584727553,2191897470
1163251800960462848,2191897470
28209292,2191897470
301672010,2191897470
14100619,2191897470
1066616059,2191897470
3229276845,2191897470
243647121,1624710127
70853866,1624710127
591728716,1624710127
1879577221,1624710127
3035268104,1624710127
24168177,1624710127
1406716956,1624710127
41334396,1624710127
112213130,1624710127
2307402415,1624710127
2444904619,1624710127
748896393629138944,1624710127
811346324637581321,1624710127
499696436,1624710127
217616267,1624710127
1274988746564186113,1624710127
23602600,1624710127
770219719655845888,1624710127
588627550,1624710127
101468275,1624710127
33032425,1624710127
879582569825681408,1624710127
1354995085071380483,1624710127
1302055115327549440,1624710127
3217839237,1624710127
2228139728,1624710127
362114475,1624710127
336225398,1624710127
2925088910,1624710127
37636433,1624710127
14862794,1624710127
3256113534,1624710127
2288982860,1624710127
74396570,1624710127
15899765,1624710127
2327206906,1624710127
577771720,1624710127
312516993,1624710127
1261296931285995520,1624710127
135493484,1624710127
3034352812,1624710127
258375793,1624710127
318558222,1624710127
885869882,1624710127
156177513,1624710127
261426723,1624710127
211345580,1624710127
20158670,1624710127
1199900952007806977,1624710127
2334077075,1624710127
2302973899,1624710127
127059423,1624710127
1360879807420977153,1624710127
58765530,1624710127
1167429217,1624710127
1286253983888269312,1624710127
158910863,1624710127
1230634572766822401,1624710127
189041644,1624710127
1074169336212779008,1624710127
16431335,1624710127
2872346179,1624710127
420559604,1624710127
942940802,1624710127
216449665,1624710127
831290691712004096,1624710127
300521129,371068152
1250120150,371068152
188520997,371068152
566817026,371068152
1386230059413901316,371068152
565941483,371068152
786859954544095233,371068152
43992483,371068152
893670891267084288,371068152
984376584118288384,371068152
1106311313699946496,371068152
41298522,371068152
315473242,371068152
166857588,371068152
1709440220,371068152
480976350,371068152
453862140,371068152
1015581596034977792,371068152
1238074234619998214,371068152
191761621,371068152
734188074,371068152
229036607,371068152
900604458589052928,371068152
1598441330,371068152
226823170,371068152
19980499,371068152
260765058,371068152
1191939055891681280,371068152
1128467120004538368,371068152
291697791,371068152
14656137,371068152
121652252,371068152
95540496,371068152
16892160,371068152
3145602343,371068152
1130427722574942208,371068152
226786353,371068152
412591867,371068152
132403875,371068152
857515259325693952,371068152
1607958590,371068152
724746343965544448,371068152
496753742,371068152
246502388,371068152
1945181774,371068152
1341460472491433987,26964952
980128146627448832,26964952
13717582,26964952
297239690,26964952
17911954,26964952
1894738958,26964952
901607323826835456,26964952
26981399,26964952
1284256304471707653,26964952
2251265180,26964952
2679300020,26964952
1077339504,26964952
1271476752146223104,26964952
1686707676,26964952
1302799033644113921,26964952
39797372,26964952
1586652572,26964952
298775275,26964952
26971279,26964952
90686952,26964952
113973612,26964952
212062149,26964952
950172989257109504,26964952
1125384586249162752,26964952
1336582161051254784,26964952
17965667,26964952
815841873650561025,210644860
2727924823,210644860
209535365,210644860
155169386,210644860
2908564400,210644860
479950492,210644860
47213732,210644860
20203870,210644860
29938031,210644860
48927175,210644860
38639825,210644860
1182090678999736321,210644860
843327318177202176,210644860
787400512379334658,210644860
196155084,210644860
1031432401,210644860
1924883101,210644860
3107991176,210644860
220883243,210644860
3075633218,210644860
385262781,210644860
156077839,210644860
2555745408,210644860
72562212,210644860
1409722784,210644860
355463827,210644860
860726805937782785,210644860
1000499544,210644860
82790149,210644860
2768501,210644860
1087517325215944704,210644860
60774605,210644860
160505539,210644860
139531687,210644860
29420301,210644860
1065321276250697728,210644860
229278801,210644860
781663950,210644860
20742888,210644860
68128023,210644860
146765658,210644860
886987894350639104,210644860
67166472,210644860
840471846,210644860
431639725,210644860
250547037,210644860
1389229286,210644860
963278877454839808,210644860
1330730270,210644860
561653641,210644860
16663973,210644860
61662347,210644860
293894368,210644860
95340526,210644860
14254343,210644860
993353161770389512,210644860
26417909,210644860
361514032,210644860
771286274,210644860
185969806,210644860
113786557,210644860
206979151,210644860
32339623,210644860
73981267,210644860
2542290469,210644860
32376293,210644860
351396420,210644860
309016076,210644860
754334658,210644860
1420293175,210644860
917972800308154369,210644860
402796098,210644860
1067146398,210644860
54506896,210644860
783879853,210644860
300832328,210644860
1275677715048341509,210644860
293253151,210644860
280980769,210644860
236633598,210644860
1150382621030940672,210644860
212071507,210644860
884937436161228800,210644860
859303055107407872,210644860
43064490,210644860
1327357280476483584,210644860
117315665,210644860
624336093,210644860
6778812,210644860
142897820,210644860
31594555,210644860
191723833,210644860
17053944,210644860
15926727,210644860
16110508,210644860
39418613,210644860
1340484644,210644860
899134362,1470784844
413674960,1470784844
1104994690426785793,1470784844
1279278816033030144,1470784844
40985167,1470784844
1068637237460385792,1470784844
115998187,1470784844
62046869,1470784844
392412674,1470784844
172250467,1470784844
1251074529385832448,1470784844
1306771577615183873,1470784844
613765548,1470784844
3963096080,1470784844
1163433741076688898,1470784844
313027861,1470784844
2515625024,1470784844
510210579,1470784844
1280021990,1470784844
23688549,1470784844
123474246,1470784844
2514447913,1470784844
2785179320,1470784844
23545675,1470784844
745046449763692544,1470784844
799870620,1470784844
79109219,1470784844
1284418651,1470784844
1388271924581597186,1470784844
2613149754,1470784844
818529944,1470784844
701737696310374400,1470784844
1089662221209071617,1470784844
882350717851152384,1470784844
47749599,1470784844
379908965,1470784844
53248970,1470784844
3267820195,1470784844
2835392472,1470784844
269054555,172113843
275180259,172113843
171507877,172113843
1333589718479540225,172113843
92687987,172113843
834702151,172113843
23369246,2287238682
36872712,2287238682
1062651048525934593,2287238682
25951060,2287238682
1378587670608179200,2287238682
741022183,2287238682
382374308,2287238682
3182451020,2287238682
896386399,2287238682
430452224,2287238682
848163669116628992,2287238682
972201144146714624,2287238682
321944826,2287238682
377157843,2287238682
554986122,138294089
479218463,138294089
401656666,138294089
578416781,138294089
940884354,138294089
1227466287376457730,138294089
29298791,138294089
56934476,138294089
3088551770,138294089
556775313,138294089
2819249544,138294089
1187856751992786944,138294089
14863267,138294089
447732501,138294089
1333359458,138294089
489972887,138294089
108843482,138294089
1129751521,138294089
745080357850996736,138294089
729848230045884418,138294089
1237539791060656128,138294089
471528491,138294089
192766104,138294089
39684579,138294089
472498807,138294089
466391791,138294089
1370635112933552132,138294089
51692185,138294089
4189242078,138294089
967976502166896642,138294089
961759123,138294089
1637317490,138294089
1196294472306319361,138294089
368143790,138294089
494632706,138294089
119795728,138294089
376562191,138294089
50671851,138294089
1236850872937623552,138294089
151911639,138294089
2647441508,138294089
3268950684,138294089
1302993494844334081,138294089
903238440,138294089
268180792,138294089
202021991,138294089
1378933676935766016,138294089
1336854662108991489,138294089
897561438985887748,138294089
916900567485530114,138294089
2330166864,138294089
1341318461830483969,138294089
1235804503787466752,138294089
989620905641885696,138294089
1050159820018307072,138294089
1029264082040307712,138294089
4184173431,138294089
1652004198,138294089
111848617,138294089
1272373990569291776,138294089
753032009857937408,138294089
386983639,138294089
1347051961862942721,138294089
236713668,138294089
80806931,3292469292
739332902647791616,3292469292
566098084,3292469292
1894005325,3292469292
2827666986,3292469292
1067713875892551680,3292469292
54037230,3292469292
78741255,3292469292
1233448166239817728,3292469292
42386192,3292469292
2443101596,3292469292
1307487808186187776,3292469292
1000141140568363008,3292469292
3540249555,3292469292
17919972,3292469292
326990308,3292469292
27227490,3292469292
817411070054674433,3292469292
256880054,3292469292
1037261229952184320,3292469292
1025672504147234816,3292469292
1335590285863161857,3292469292
1299080943727190027,3292469292
325754704,3292469292
64539603,3292469292
189362860,3292469292
739836760948117504,3292469292
2501010896,3292469292
972682714175258624,3292469292
2782189422,3292469292
1168644242866081793,3292469292
1287906489949130753,3292469292
1320216223012061184,3292469292
1004414895172005890,3292469292
45709328,3292469292
916664776738013184,3292469292
1273850774380883975,3292469292
785754314161532928,3292469292
780176753482354688,3292469292
870877658896252928,3292469292
904813122,3292469292
977144754407272448,3292469292
34368385,3292469292
919647340885049351,3292469292
1919701700,3292469292
940772408654311424,3292469292
159499426,3292469292
2653308480,3292469292
1154785691857018882,3292469292
1273302947414151168,3292469292
80144576,3292469292
3304571755,3292469292
832417792129380355,3292469292
1144825824400441344,3292469292
2857129423,3292469292
1117051518350430208,3292469292
2983948026,3292469292
18005085,959165980407574529
39308549,959165980407574529
110445334,959165980407574529
25235151,959165980407574529
827171099330781184,959165980407574529
1070137164866969600,959165980407574529
25837289,959165980407574529
429415553,959165980407574529
234710802,959165980407574529
20729667,959165980407574529
56149176,959165980407574529
66967746,959165980407574529
112047805,959165980407574529
95994080,959165980407574529
32318850,959165980407574529
767122751110975488,959165980407574529
173584668,959165980407574529
48505102,959165980407574529
871674632448991238,959165980407574529
393469195,959165980407574529
812135885328236551,959165980407574529
993286823429451782,959165980407574529
292388879,959165980407574529
4914384040,959165980407574529
900507789017075712,959165980407574529
1105946811699744768,959165980407574529
25029495,959165980407574529
284602545,959165980407574529
292634416,959165980407574529
857998692,959165980407574529
433793773,959165980407574529
141428716,959165980407574529
16343974,959165980407574529
25073877,959165980407574529
2524707338,959165980407574529
304746564,959165980407574529
5768872,959165980407574529
464611171,959165980407574529
155958742,959165980407574529
1097268244283559937,959165980407574529
1124678601402658816,959165980407574529
1137159245936308224,959165980407574529
947924373029171200,959165980407574529
632817143,959165980407574529
21469205,959165980407574529
920285659411103744,959165980407574529
19423448,959165980407574529
119633489,959165980407574529
45167431,959165980407574529
887994697,959165980407574529
16213404,959165980407574529
95766807,959165980407574529
7900732,959165980407574529
14262197,959165980407574529
1583865109,959165980407574529
78523300,959165980407574529
1309461201542356995,959165980407574529
990317363915579392,959165980407574529
88593058,959165980407574529
3225837414,2934622116
2297490096,2934622116
2354745823,2934622116
1156520853519028225,2934622116
784195920,2934622116
192890298,2934622116
324245058,2934622116
23914311,2934622116
188142536,2934622116
57852353,2934622116
221884289,2934622116
133706196,2934622116
26936578,2934622116
298390513,2934622116
419873121,2934622116
58397349,2934622116
4823705386,2934622116
2366126940,2934622116
131374464,2934622116
955505497,2934622116
413673128,2934622116
321408041,2934622116
1193882193359040512,2934622116
262033486,2934622116
148974491,2934622116
1093487052,2934622116
2842235180,2934622116
259963608,2934622116
3775291874,2934622116
361182963,2934622116
177479063,2934622116
1581397417,2934622116
884201985322475520,2934622116
64239188,2934622116
1256794365650968576,2934622116
51426896,2934622116
29433390,2934622116
119645781,2934622116
913917225525952512,2934622116
2609225316,2934622116
1072760313089388546,2934622116
1044670393859039232,2934622116
66861094,2934622116
64351683,765808777857609728
2304186456,765808777857609728
276725026,765808777857609728
1939511809,765808777857609728
34435990,765808777857609728
416993441,765808777857609728
544838298,765808777857609728
119992068,765808777857609728
1294526128997064704,765808777857609728
928613397700083712,765808777857609728
1248322826,765808777857609728
989474048894619648,765808777857609728
1023813178361176064,765808777857609728
122024487,765808777857609728
22735611,765808777857609728
998568000,765808777857609728
165738207,765808777857609728
1317066700739600387,765808777857609728
86848460,765808777857609728
1116612139,765808777857609728
71493847,765808777857609728
1212507007661436928,765808777857609728
736485290559213569,765808777857609728
863422041982025730,765808777857609728
566233508,765808777857609728
44316642,765808777857609728
82594076,765808777857609728
24884057,765808777857609728
516212230,765808777857609728
951437216856784897,765808777857609728
121672000,765808777857609728
568967180,765808777857609728
1372761644531544070,765808777857609728
1116223878425006081,765808777857609728
78517536,765808777857609728
3230532104,765808777857609728
820279625511149568,765808777857609728
2365116986,765808777857609728
46020276,765808777857609728
912274914429755392,765808777857609728
1275605977039900672,765808777857609728
1690890258,765808777857609728
184284939,765808777857609728
720275402,765808777857609728
132731802,765808777857609728
26607837,765808777857609728
203330542,765808777857609728
1324156242,765808777857609728
858312421802336262,765808777857609728
19806780,765808777857609728
263532481,765808777857609728
1922080669,765808777857609728
253983784,765808777857609728
14222700,765808777857609728
190358177,765808777857609728
2269821043,765808777857609728
546416981,765808777857609728
3141787718,765808777857609728
2788949006,765808777857609728
2183493194,765808777857609728
3254540779,765808777857609728
124913341,765808777857609728
255369151,765808777857609728
870629200348274688,765808777857609728
63942152,765808777857609728
159789574,765808777857609728
54813644,765808777857609728
1005815296085520384,765808777857609728
245249854,765808777857609728
34904093,765808777857609728
51927463,765808777857609728
36941383,765808777857609728
2918159696,765808777857609728
765785128417263617,765808777857609728
115013849,765808777857609728
2360233783,765808777857609728
596107961,765808777857609728
1107109043267526656,765808777857609728
121345069,765808777857609728
2381492611,345553
204477220,345553
19700412,345553
1227065303034544129,345553
371084214,345553
71614249,345553
496554610,345553
19099143,345553
243605278,345553
89670444,345553
247582999,345553
226094976,345553
19332043,345553
706591669,345553
15414356,345553
5111011,345553
956812743230726144,345553
600760256,345553
1243651676046643200,345553
20909123,345553
731522353,345553
21748597,345553
758209629922832384,345553
42199798,345553
61463684,345553
1025683190,345553
23563938,345553
1214398045724364800,345553
713403,345553
181098053,345553
85491449,345553
5703342,345553
52678806,345553
1242401496961957890,345553
3478001600,345553
31724073,345553
1172104568794075137,345553
969275161,345553
22279048,345553
37553753,345553
437980269,345553
64107618,345553
253891793,345553
813969534424059904,345553
1313799954763190272,345553
51021337,345553
1617948710,345553
22547596,345553
795215326698819584,345553
235491008,345553
4887366981,2887713523
305439331,2887713523
15568127,2887713523
792492591304572928,2887713523
711760467383877632,2887713523
134758540,2887713523
3011197344,2887713523
60866631,2887713523
52211840,2887713523
232710107,2887713523
51988214,2887713523
168376502,2887713523
1371359720259342338,1349086557479702528
1393114316094590977,1349086557479702528
1384215452486799370,1349086557479702528
348986033,1349086557479702528
1305349277422477313,1349086557479702528
1366256262921523205,1349086557479702528
4197986621,1349086557479702528
1383972389810151426,1349086557479702528
1391034359877079042,1349086557479702528
3225001833,1349086557479702528
1386042484006981632,1349086557479702528
966101373078052864,1349086557479702528
763787406478864384,1349086557479702528
1695662876,1349086557479702528
282392576,1349086557479702528
165236273,1349086557479702528
22009780,1349086557479702528
1383784231541776385,1349086557479702528
17454086,1349086557479702528
20402945,1349086557479702528
28221296,1349086557479702528
2235729541,1349086557479702528
2312333412,1349086557479702528
1349086557479702528,1349086557479702528
1216975148085137409,1349086557479702528
711564877542858752,1349086557479702528
68674747,616163385
3004008432,616163385
5620032,616163385
614963036,616163385
1540401752,616163385
20517081,616163385
97305237,616163385
31604067,616163385
702917568542199808,616163385
629884306,616163385
435802919,616163385
3697805909,616163385
116757352,616163385
33136414,616163385
18156714,616163385
260462403,616163385
318405976,616163385
30182732,616163385
1114036494,616163385
397306167,616163385
226087776,616163385
94058128,616163385
432507102,616163385
69008563,616163385
143207922,616163385
70385284,616163385
38376399,616163385
711524537205190657,616163385
14770247,616163385
1079483336,616163385
902605791626235912,616163385
1368886333213532163,616163385
32455481,616163385
1186262037686566913,616163385
212942638,616163385
1220008381248942082,616163385
13382652,616163385
434239640,616163385
1280509943016304640,616163385
271111065,616163385
20026541,616163385
24871896,616163385
17471979,616163385
73395319,616163385
1360854673628913665,616163385
1381706648369135625,616163385
1389736842740764675,616163385
297974273,616163385
64638690,616163385
102076372,616163385
1214181376536141830,616163385
163005583,616163385
14342661,616163385
23857550,616163385
540412809,616163385
56650572,616163385
837473160786169857,616163385
229330999,616163385
949212394214981632,616163385
161208870,616163385
736451774,616163385
155921763,616163385
36339032,616163385
1343925133,616163385
205729863,616163385
1228483183642959873,616163385
2259809232,616163385
271741831,616163385
1188704910,616163385
24828216,616163385
1294573400195825664,616163385
44550591,616163385
4688185255,616163385
1081670370342723584,616163385
837273806,616163385
935604859818012672,616163385
44061157,616163385
75669465,616163385
1185732856892534784,616163385
1156213023943659520,616163385
854182476876361729,616163385
200678702,616163385
76784093,616163385
181672972,616163385
130723025,616163385
804148583783989248,616163385
831331043600838656,616163385
88898508,616163385
112276820,616163385
1144956823,616163385
20012454,616163385
20615807,616163385
118921833,616163385
915560095,616163385
21302878,616163385
271972038,616163385
1359260313938444291,616163385
83547952,616163385
939669472683495424,1102413032594890753
228459707,1102413032594890753
1288816854647988225,1102413032594890753
3233629863,1102413032594890753
23023227,1102413032594890753
16738396,1102413032594890753
1166419406685188101,1102413032594890753
2990400792,1102413032594890753
2270144215,1102413032594890753
844141009210556416,1102413032594890753
1021517749627977728,1102413032594890753
20654613,1102413032594890753
62776140,1102413032594890753
39002335,1102413032594890753
484468243,1102413032594890753
1075517344833630208,1102413032594890753
2954332377,1102413032594890753
1500129642,1102413032594890753
142945295,1102413032594890753
884175670271660032,1102413032594890753
1209426819058786304,1102413032594890753
3834793514,1102413032594890753
1432235989,1102413032594890753
1229162108836773889,1102413032594890753
1150553499500814339,1102413032594890753
3131177849,1102413032594890753
1042008319815118848,1102413032594890753
1052153772,1102413032594890753
1290922843790663680,1102413032594890753
1224185690713460736,1102413032594890753
1163585906374139905,1102413032594890753
594283435,1102413032594890753
1096296832861274112,1102413032594890753
1171254067193974784,1102413032594890753
1116248797883973632,1102413032594890753
3276863125,1102413032594890753
273730280,1102413032594890753
876688355370467328,1102413032594890753
1244065916431695872,1102413032594890753
383137846,1102413032594890753
877415741124825088,1102413032594890753
14707794,1102413032594890753
211371719,1102413032594890753
1388148914,1102413032594890753
4046405472,1102413032594890753
104342107,1102413032594890753
738676753569193988,1102413032594890753
972180115252752384,1102413032594890753
1668945133,1102413032594890753
1363048037375832067,1102413032594890753
338633208,1102413032594890753
556661091,1102413032594890753
1347721083726696450,1102413032594890753
1431997220,1102413032594890753
350782341,1102413032594890753
1066234007413645312,1102413032594890753
223014310,1102413032594890753
74349953,1102413032594890753
761359969,1102413032594890753
2154152024,1102413032594890753
4203327496,1102413032594890753
1311489177750401024,1102413032594890753
246191456,1102413032594890753
2193545964,1102413032594890753
4284036614,1102413032594890753
1497105828,1102413032594890753
16094885,115730264
131711235,115730264
1132832803,115730264
49281402,115730264
38359893,115730264
492034179,115730264
788168640,115730264
1124307523,115730264
82455213,115730264
17230018,115730264
170905926,115730264
16402111,115730264
420200182,115730264
1147387442296606720,115730264
10222202,115730264
70740986,115730264
175180732,115730264
25036511,115730264
287085540,115730264
3240396234,115730264
14091091,115730264
18024647,115730264
36381019,115730264
20690398,115730264
327246006,115730264
2975383726,115730264
16834659,115730264
52437361,115730264
240843592,115730264
58274052,115730264
1439170340,115730264
16664681,115730264
132387123,115730264
1322840570650193920,115730264
927305017916141570,115730264
1286534060001517568,115730264
99431954,115730264
25887412,115730264
28690225,115730264
276540738,115730264
3522700815,115730264
2644697608,115730264
91441711,115730264
2976231849,115730264
949892499878719488,115730264
332637009,115730264
246178914,115730264
1321964691816677378,115730264
19659468,115730264
31077006,115730264
550480601,115730264
1230586851322482688,115730264
294471490,115730264
22657153,115730264
17955081,115730264
145148972,115730264
110905615,115730264
17456542,115730264
349061160,115730264
23041630,115730264
1652541,115730264
896941926,115730264
399150865,115730264
1344663533821153286,115730264
60779696,115730264
916831535080153088,115730264
233343317,115730264
200291228,1351649162
1458419990,1351649162
2358629520,1351649162
31740437,1351649162
1273804271289393152,1351649162
500239975,1351649162
4034803644,1351649162
591376991,1351649162
25495105,1351649162
770071158469300224,1351649162
475561586,1351649162
26980026,1351649162
344538895,1351649162
126434795,1351649162
61458813,1351649162
872297960423309313,1351649162
240577683,1351649162
255812880,1351649162
607265086,1351649162
25489013,1351649162
135709362,1351649162
174508860,1351649162
936084248,1351649162
480300122,1351649162
365995839,1351649162
487954349,1351649162
308706937,1351649162
22605991,3196140319
885805604597411840,3196140319
301264434,3196140319
389383487,3196140319
5398762,3196140319
48287979,3196140319
176985932,3196140319
708616327645167617,3196140319
1012649064528207879,3196140319
11173662,3196140319
1266860513050255360,3196140319
37914351,3196140319
3107322278,3196140319
14306689,3196140319
86043900,3196140319
78741398,3196140319
871111752,3196140319
265146625,3196140319
293886497,3196140319
1632171121,3196140319
1045057057,3196140319
19109056,3196140319
62208940,3196140319
1336896853783146497,3196140319
2735213952,3196140319
10814202,3196140319
14949866,3196140319
1609393399,3196140319
814319977796775936,3196140319
71807533,3196140319
940588345138262016,3196140319
62809462,3196140319
42177568,3196140319
2475851,3196140319
16993249,3196140319
4313924920,3196140319
19700041,3196140319
310089038,3196140319
1337697154572292098,3196140319
790421982927986688,3196140319
1070309621229740033,3196140319
325935742,3196140319
28834400,1097337516053544960
623706361,1097337516053544960
22469538,1097337516053544960
1239503998211645441,1097337516053544960
193308057,1097337516053544960
1195982435315408896,1097337516053544960
1153357972577239042,1097337516053544960
1249315502360383490,1097337516053544960
183725497,1097337516053544960
15720823,1097337516053544960
1230911657918042113,1097337516053544960
451443017,1097337516053544960
1311650703052476416,1097337516053544960
767545134,1097337516053544960
3957817872,1097337516053544960
978265628426432512,1097337516053544960
919608226001203200,1097337516053544960
14090495,1097337516053544960
3092104835,1097337516053544960
1180008947534708736,1097337516053544960
223739217,1097337516053544960
26174692,1097337516053544960
14506011,1097337516053544960
183749519,1097337516053544960
480069088,1097337516053544960
29844231,1097337516053544960
1246452518508355584,1097337516053544960
1260597074036355072,1097337516053544960
4876248071,1097337516053544960
1332958237440675841,1097337516053544960
1357552355491913728,1097337516053544960
15392391,1097337516053544960
2252540253,1097337516053544960
918978248,1097337516053544960
1312296677538103297,1097337516053544960
10486052,1097337516053544960
571202103,1097337516053544960
16505786,1097337516053544960
161419043,1097337516053544960
744705937592594432,1097337516053544960
854859921933783040,1097337516053544960
44332184,1097337516053544960
937000244650192897,1097337516053544960
149210327,1097337516053544960
36298921,1097337516053544960
2271064212,352029891
16977592,352029891
920416009,352029891
48522098,352029891
2454277562,352029891
23908767,352029891
35228172,352029891
1524796062,352029891
703993267,352029891
991470620029276160,352029891
240478658,352029891
1302307548,352029891
4736792732,352029891
20104025,352029891
2399327754,352029891
1123075548861702144,352029891
22474827,352029891
67060449,352029891
600051687,352029891
18962467,352029891
3222847717,352029891
23750409,352029891
1173370035206647809,352029891
289352032,352029891
217949209,352029891
37339893,352029891
1529827615,352029891
1047736402178240515,352029891
978212574884802560,352029891
2731489076,352029891
14290392,352029891
500664491,352029891
417584651,352029891
2915502379,352029891
3397862970,352029891
255990193,352029891
22355229,352029891
2196727981,352029891
1895951490,352029891
27195637,352029891
24668419,352029891
782576452331905024,352029891
730298960263282688,352029891
1945987194,782871398658088960
1015036967967510528,782871398658088960
933196905353326592,782871398658088960
536042156,782871398658088960
1289918184,782871398658088960
1137990650433921024,782871398658088960
2793862052,782871398658088960
289194464,782871398658088960
822101716753494017,782871398658088960
908665093889462272,782871398658088960
289891974,782871398658088960
2823492926,782871398658088960
555592558,782871398658088960
2264093245,782871398658088960
932738392504205313,782871398658088960
1458725095,782871398658088960
1327406109825540096,782871398658088960
2976233994,782871398658088960
30432263,782871398658088960
337586013,782871398658088960
1165820140966928384,782871398658088960
881779040,782871398658088960
3249370782,782871398658088960
1642557372,782871398658088960
350161608,782871398658088960
1407173880,782871398658088960
1196332688023543808,782871398658088960
3251525911,782871398658088960
1135807481660096512,782871398658088960
795643280,782871398658088960
706601327401381888,782871398658088960
1214738989598380033,782871398658088960
2718254589,782871398658088960
568846314,14112660
21128334,14112660
242666205,14112660
95064543,14112660
843035790,14112660
38304010,14112660
1113341312,14112660
46260680,14112660
44302241,14112660
2425151,14112660
20645106,14112660
220939871,14112660
300097935,14112660
114936799,14112660
48746594,14112660
557530344,14112660
32305202,14112660
3257843402,14112660
95091601,14112660
2509276872,14112660
161192868,14112660
160491775,14112660
15871443,14112660
139342732,14112660
77896983,14112660
1960878613,14112660
459783445,14112660
136936807,14112660
525893577,14112660
3331875599,14112660
25052589,14112660
2408971862,14112660
24610367,14112660
85981898,14112660
58798823,14112660
14686881,14112660
380749300,14112660
723479570435837952,14112660
14099018,14112660
113288191,14112660
186021388,6755322
2438375372,6755322
90672134,6755322
479062456,6755322
23167240,6755322
3226765068,6755322
379971072,6755322
1726894219,6755322
3375660701,6755322
2574162524,6755322
854244460800073729,6755322
232403947,6755322
37848654,6755322
26125943,6755322
51243167,6755322
11741632,6755322
19541076,6755322
127188630,6755322
203707739,6755322
16217628,6755322
6058942,6755322
17728340,6755322
63595490,6755322
28302647,6755322
773072440662462465,6755322
2996869214,6755322
604119323,6755322
57570629,6755322
106028146,6755322
15669768,6755322
144467821,6755322
1060589370091089921,4874980169
1329380018485485568,4874980169
578727059,4874980169
826195576102350848,4874980169
1951518644,4874980169
1390134318345842688,4874980169
737562477550964736,4874980169
4718073211,4874980169
927366286354497537,4874980169
2484835242,4874980169
1202339645066924032,4874980169
1205344511586533376,4874980169
850624750195847168,4874980169
96578083,4874980169
71286984,4874980169
145558858,4874980169
1006588545690161156,4874980169
877615636586876928,4874980169
1171679131165253632,4874980169
1126192243969335299,4874980169
1044119239022399489,4874980169
89505207,4874980169
2542202040,4874980169
1454394805,4874980169
3779327832,4874980169
883683747052347392,4874980169
3012549490,4874980169
160952087,4874980169
726851694584287232,4874980169
359137606,4874980169
1090469197237243905,4874980169
1265135894236934145,4874980169
1236136794405531650,4874980169
313389378,4874980169
224495471,4874980169
17591478,4874980169
370590013,4874980169
2199296918,4874980169
730222517227380736,4874980169
780579127279570944,4874980169
21001534,4874980169
1276666729922363392,4874980169
1153948119417024512,4874980169
349065597,4874980169
764932764,4874980169
602403521,4874980169
874169035,4874980169
3091581755,4874980169
2474661493,4874980169
982230554,4874980169
135728717,4874980169
18721290,4874980169
2533414488,4874980169
571513012,4874980169
1239206834193326085,4874980169
1213208842378432512,4874980169
269815420,99367063
3288075858,99367063
199516357,99367063
23511307,99367063
246070116,99367063
51378153,99367063
2920030904,99367063
1327439696759197696,99367063
499649817,99367063
163662008,99367063
1341246164394364929,99367063
1967889907,99367063
21961243,99367063
49499855,99367063
373872556,99367063
1213278403966599169,99367063
2479226604,99367063
258124400,99367063
1239035120008359936,99367063
345170787,99367063
987844879,99367063
1601937732,99367063
1297520697095331840,99367063
22196776,99367063
19568591,99367063
138203134,99367063
819014958822232064,99367063
956354334,99367063
1920070909,99367063
14855994,99367063
49332897,99367063
1356818881063473157,99367063
1319103997060411393,99367063
822476942,99367063
1038970825699774465,99367063
33763632,99367063
2827865725,99367063
1238728209757134850,99367063
304856790,99367063
163767099,99367063
1341233976434782210,99367063
1203874525168844802,99367063
159647854,99367063
3140730672,99367063
259959417,99367063
61935646,99367063
465936656,99367063
352754946,99367063
1237570663793061888,99367063
112956277,99367063
2189523500,99367063
964002307175170049,99367063
2493673550,99367063
50560529,99367063
132746982,99367063
279523419,99367063
1315921093,99367063
1198066458288214016,99367063
16346541,99367063
243882040,99367063
1159682513947652096,99367063
758900688,99367063
53751609,99367063
1858680210,99367063
1074521259566714880,99367063
520967965,99367063
398422158,99367063
25960714,99367063
423035895,99367063
55113432,99367063
2908699057,99367063
14671039,99367063
84174241,99367063
1253930331901583360,99367063
1498326793,99367063
2395494938,99367063
941598479788494848,243430755
1464192656,243430755
92123552,243430755
3003417397,243430755
1379191307403292674,243430755
859816883012456448,243430755
1336204211290132480,243430755
980935731794403328,243430755
1232540254457847808,243430755
349525456,243430755
1390723491595493379,243430755
1341145375504297984,243430755
879039955292622848,243430755
227028848,243430755
14585845,243430755
896836264489623552,243430755
1322134688081784833,243430755
1292745514862034945,243430755
4350362173,243430755
101084228,243430755
14497441,243430755
1384580737492520962,243430755
991121427817361408,243430755
23992945,243430755
1203539371741384704,243430755
338079844,243430755
1362769911047741440,243430755
180723400,243430755
6718432,243430755
1057660949161684992,243430755
927327985409040384,243430755
1311393885806100481,243430755
1926844657,243430755
1002694303427252226,243430755
207830574,243430755
1267595018472218625,243430755
1362532781478326273,243430755
1363413693845790721,243430755
4350963013,243430755
1082301439156862980,243430755
1313188721861292034,243430755
2289134646,243430755
21325880,243430755
615146701,243430755
1036508593543999488,243430755
1204677546098483200,243430755
1232809376261517313,243430755
28915451,243430755
1262633352672182272,243430755
897506675418165248,243430755
1128082624432476160,243430755
21942307,243430755
948251121985863680,243430755
2829008855,243430755
780156638732881924,243430755
1288952504395476995,243430755
14503129,243430755
1156251141816012806,243430755
1198994040038932480,243430755
2242449800,243430755
394636913,243430755
1313417877622411264,243430755
1364584122090483712,243430755
1235982248513396736,243430755
1246511533175136256,243430755
1327414295739518981,243430755
3982238001,243430755
3802871421,243430755
151038580,243430755
1073253678423990272,243430755
987128821672329216,243430755
49554260,243430755
3160824768,243430755
903066668628185088,243430755
4350487294,243430755
590701368,243430755
3224635734,243430755
315743507,243430755
121339806,243430755
183655922,243430755
986900699366604800,243430755
19850881,243430755
3001165942,243430755
783214,243430755
1254152444247969793,243430755
1192894273500282881,243430755
196277177,243430755
804212685294473217,243430755
989735458027454465,243430755
181742484,243430755
96770474,243430755
3184246017,243430755
19120191,243430755
1249509534957092864,243430755
1381458414602088448,243430755
1272595267624337410,243430755
15675210,243430755
2837753153,243430755
15914696,243430755
150112121,243430755
1375195825270358023,243430755
65537597,243430755
171582211,243430755
1303216809252802561,243430755
5616032,63460349
1579937460,63460349
1396168032,63460349
838970167971336193,63460349
1102156111732490241,63460349
124946071,63460349
186996899,63460349
4673269052,63460349
211816580,63460349
1318474068534861824,63460349
2939258324,63460349
1195204071340175360,63460349
163350836,63460349
1268216402965479424,63460349
1194062929705914374,63460349
154049532,63460349
203939309,63460349
714950257856135168,63460349
1118112414,63460349
102623430,63460349
2898192414,63460349
750241927631474688,63460349
1194875007534391296,63460349
30932510,63460349
130898814,63460349
251527243,63460349
1060527956773064706,63460349
4299704712,63460349
4677032466,63460349
779635240130183172,63460349
124905998,63460349
1587414770,63460349
1051338299246137344,63460349
1382956837511647232,63460349
1204093755134857216,63460349
67284733,63460349
25746117,63460349
3287629909,63460349
164720572,63460349
1358805425202765827,63460349
1256017195575869440,63460349
539635644,63460349
24639684,41559208
950444937727938560,41559208
175000872,41559208
1267653221696147458,41559208
125305764,41559208
285577603,41559208
3383361693,41559208
9950542,41559208
23560222,41559208
3188420810,41559208
404414429,41559208
226440623,41559208
2932871799,41559208
1288485038,41559208
16157145,41559208
2594347974,41559208
321295758,41559208
23934518,41559208
501340014,41559208
73533194,41559208
39248787,41559208
2420579061,41559208
847358179,41559208
3257403804,41559208
1057855716591992832,41559208
74043942,41559208
786307086,41559208
27460003,41559208
88134982,41559208
992386579036454912,41559208
514858394,41559208
557645809,41559208
19887674,41559208
22599303,41559208
1378096248486387714,41559208
172232689,41559208
477297093,41559208
14359184,41559208
7839242,41559208
43748232,41559208
15800583,41559208
133584406,41559208
289670687,41559208
15461836,41559208
263433749,41559208
816719802328715264,41559208
788560328640503808,41559208
357858781,41559208
63929722,41559208
1076892343918198790,41559208
252060100,41559208
2765426118,41559208
234267718,41559208
3192551226,41559208
7744592,41559208
565012072,41559208
1325176381773262848,2383546926
967126595088547840,2383546926
1280274743355224065,2383546926
1370219239609659396,2383546926
1285017087795245057,2383546926
1069283532554539008,2383546926
1153021479048679424,2383546926
1374104646986387460,2383546926
995006376962396160,2383546926
1243460413364137984,2383546926
204455647,2383546926
1240747072992825344,2383546926
1250240339975254017,2383546926
1221445445739864064,2383546926
16106584,2383546926
27000730,2383546926
274567177,2383546926
725453362838179844,2383546926
1170881704099233792,2383546926
1341498704151388161,2383546926
1285016437,2383546926
1315381612088094721,2383546926
2965978042,2383546926
742453163098296320,2383546926
1196976130428817408,2383546926
22353238,2383546926
1332811054942973952,2383546926
89704537,2383546926
814282091571642368,2383546926
22637974,2383546926
2577321224,2383546926
1335742356318982144,2383546926
1325188135668518914,2383546926
1306249630338908163,2383546926
1378288260296765453,2383546926
934404789605150720,2383546926
1235777753846341633,2383546926
980698309122666496,2383546926
881206112737001472,2383546926
34335476,2383546926
1366147242244141058,2383546926
1611477068,2383546926
852616353496346624,2383546926
850543150909333505,2383546926
389065077,2383546926
1332630685,2383546926
16076032,2383546926
3293406121,2383546926
174931688,2383546926
3464014032,2383546926
880602945632575488,2383546926
865613557152481280,2383546926
1062357909621874688,2383546926
1367531,2383546926
769820909058166785,2383546926
1203027041622335496,2383546926
3029638426,2383546926
1220666858849869824,2383546926
1387165358331621378,2383546926
773713352463876096,2383546926
1359144878333186049,2383546926
708749850137853952,2383546926
1280992912411701254,2383546926
752687908730105856,2383546926
959356418896875521,2383546926
1126590423076675586,233782487
842476218821885952,233782487
556972372,233782487
1306352019280728068,233782487
1062397828650164227,233782487
3355244109,233782487
4843380557,233782487
1207768901603528711,233782487
100017919,233782487
386756305,233782487
310780249,233782487
293434226,233782487
1219458530,233782487
3325625573,233782487
1141637794386927616,233782487
281528958,233782487
1169355267940737029,233782487
1298971627,233782487
4193670947,233782487
1155423542391050241,233782487
304628795,233782487
209996135,233782487
903181859819057152,233782487
3206548275,233782487
1152297801809833984,233782487
1512741818,233782487
2188352634,233782487
913327686600331267,233782487
545163385,233782487
535315559,233782487
208596205,233782487
3302117697,233782487
28966256,233782487
3092153451,233782487
1180107307331604482,233782487
2188942746,233782487
979072421411115008,233782487
3189734151,233782487
1148136553530777602,233782487
1271109834226761728,233782487
289527193,233782487
1289797741758091265,233782487
3617300366,233782487
1520280637,233782487
321407289,233782487
2913782985,233782487
2163466040,233782487
1195039614152650752,233782487
1332819936436170752,233782487
106838395,233782487
186060772,233782487
19284221,233782487
842180838,233782487
893526488842153985,233782487
477459577,233782487
1170768425339240449,233782487
14283525,233782487
65491901,233782487
40585874,233782487
1000256872639795201,233782487
1342723003914874881,233782487
932191340938629120,233782487
2412940336,233782487
1220823209081212930,233782487
2207342054,233782487
287815294,233782487
1143622561365942274,233782487
132716684,233782487
2901742196,233782487
770568842145894400,233782487
126934424,233782487
1215692042711584770,233782487
938443290109775872,233782487
1312606021123297280,233782487
2313509265,233782487
1261544539,233782487
382742936,233782487
15955518,233782487
1359963026347196418,233782487
1150113103625035776,233782487
103680159,233782487
1217043228,233782487
1339799065232506880,233782487
2835514925,233782487
4820295591,233782487
1320832147091976192,233782487
34243963,233782487
909389995533848581,233782487
1234247885933424642,233782487
75250754,233782487
495933228,233782487
16275609,233782487
3097425875,233782487
4023700553,233782487
1087799941400092672,233782487
339877479,233782487
1231296534,233782487
1208359653618454528,233782487
1244628291404824578,233782487
1218532148703113216,233782487
755826950317436928,233782487
742930969,233782487
1948793370,18041248
181071459,18041248
1139441,18041248
126604600,581798418
879842808,581798418
92862419,581798418
2671474818,581798418
787058187358773248,581798418
611278121,581798418
1056557894,581798418
1718553536,581798418
967134065361997824,581798418
1384019873227890692,581798418
1628043656,581798418
2381380914,581798418
19631784,581798418
420100653,581798418
22105603,581798418
3066408565,581798418
882466350123204609,581798418
1614649680,581798418
246532728,581798418
1360995314,581798418
1234835689,581798418
1727466480,581798418
2690951,581798418
1069211805631705089,581798418
22876435,581798418
30395026,581798418
867875622,581798418
53051004,581798418
15901734,581798418
870187293113438209,581798418
1965894547,581798418
3331875939,581798418
2613467576,581798418
1218486727032967170,581798418
780615477470965761,581798418
1349810738764918786,581798418
2435220480,581798418
22869577,581798418
562459656,581798418
203362660,581798418
14162706,581798418
4271460027,581798418
2993673090,581798418
443280384,581798418
2588591737,581798418
220675687,581798418
83172219,581798418
1037034731106258944,581798418
962471588,581798418
1276360793831817216,581798418
523949557,581798418
994786124248862720,581798418
920532582323777536,581798418
63951334,581798418
786405743096311813,581798418
25298261,581798418
237415829,581798418
475246630,581798418
110311651,581798418
560720593,581798418
2411712558,581798418
11046572,581798418
993716910008094720,581798418
19274342,581798418
1287676897208307712,581798418
1189734452559151105,581798418
2272292952,581798418
946942813991616513,581798418
4200716788,581798418
2994336020,581798418
2904630494,581798418
1144428755051401216,581798418
823905,581798418
4842407892,581798418
280317324,1266002215468101643
3991284683,1266002215468101643
1070614080732454912,1266002215468101643
945840022103605248,1266002215468101643
1111699970699067392,1266002215468101643
1074786980603428864,1266002215468101643
991609415806545920,1266002215468101643
587195960,1266002215468101643
1071817805874388992,1266002215468101643
1264909413132849153,1266002215468101643
1043691546,1266002215468101643
1032020065636376576,1266002215468101643
1131051795537571840,1266002215468101643
1703809874,1266002215468101643
1346582412243845121,1266002215468101643
1145838494243123201,1266002215468101643
335778873,1266002215468101643
1303463874566393856,1266002215468101643
56276953,2802676448
2483830879,2802676448
1383529963,2802676448
532168728,2802676448
735484711565283329,2802676448
1053016993111007237,2802676448
991053782229266432,2802676448
1095447930339680256,2802676448
40964106,2802676448
1064537133430571008,2802676448
1104149250831601665,2802676448
125966823,2802676448
100487640,2802676448
803501656075694080,2802676448
4700114665,2802676448
2396153558,2802676448
278844418,2802676448
1305903654,2802676448
1091451140,2802676448
4441946787,2802676448
2298069954,2802676448
17383073,2802676448
133562519,2802676448
3344526833,2802676448
1273778226607734784,2802676448
982674046637805568,2802676448
788577349713342464,2802676448
197901148,2802676448
429851351,2802676448
832003381493432328,2802676448
2600951416,2802676448
451756372,2802676448
21371948,2802676448
257030275,2802676448
1935832362,2802676448
4496236272,2802676448
3073025326,2802676448
22909473,2802676448
246090718,2802676448
729444647437803526,2802676448
2655583172,2802676448
1873771620,2802676448
871077689985314816,2802676448
806609375552864256,2802676448
3234064057,2802676448
20148639,2802676448
18921681,224574437
34557984,224574437
225870671,224574437
155502991,224574437
132355901,224574437
1267947570531373059,224574437
179530581,224574437
72862922,224574437
1063224714,224574437
557123140,224574437
143535835,224574437
374788069,224574437
807233896203034626,224574437
888682764,224574437
323518319,224574437
1965113683,224574437
2507221880,224574437
222233536,224574437
280369644,224574437
397250341,224574437
1132642378303643650,224574437
3651572597,224574437
178286569,224574437
87332867,224574437
476287676,224574437
78113953,224574437
450968514,224574437
600887289,224574437
1356346784,224574437
429467353,224574437
1043063912,224574437
460609074,224574437
196535857,224574437
26434646,224574437
371348849,224574437
344984040,224574437
19725644,224574437
428907507,224574437
3127184873,224574437
166757303,51565737
16156749,51565737
273910714,51565737
2347441657,51565737
55200393,51565737
154601815,51565737
18165438,51565737
226933957,51565737
429584011,51565737
2298278953,51565737
73904746,51565737
1201813014,51565737
46576371,51565737
24135637,51565737
763208376410972160,51565737
127359851,51565737
451359246,51565737
2427181927,51565737
48688745,51565737
33826358,51565737
69774432,51565737
2304831990,51565737
41316182,51565737
109325288,51565737
35915371,51565737
26304325,51565737
7768622,51565737
48538059,51565737
31691586,51565737
563086593,51565737
74617502,51565737
166002524,51565737
20901878,51565737
26201787,51565737
223282435,51565737
2296493502,51565737
28136194,51565737
